{
  "advancedEditorSelectedIdentifier" : "ProjectBrowser",
  "openSceneRelativePaths" : [
    "Immersive.usda",
    "CharacterAnimations.usda",
    "_PlainMaterial.usda"
  ],
  "recentIdentifiers" : {
    "4F483F39-E8AB-4455-9C3C-BD396F37E620" : [

    ],
    "29A6587C-7F91-44E0-987B-A154F33A04C1" : [

    ],
    "AF09ED6F-1707-48FD-8720-65B998362C09" : [

    ],
    "B6521AAE-905F-4405-9354-A15578006B63" : [

    ],
    "D560BB77-AAF3-4BDE-B7C4-989332A4688B" : [

    ],
    "EE184615-4895-41CF-84CA-7B3C45E46D14" : [

    ]
  },
  "sceneCameraHistory" : {
    "4F483F39-E8AB-4455-9C3C-BD396F37E620" : [
      {
        "date" : 712449944.31962705,
        "title" : "Untitled",
        "transform" : [
          0.025817176327109337,
          4.7292592064707151e-10,
          0.99966675043106079,
          0,
          0.49609807133674622,
          0.86817193031311035,
          -0.012812120839953423,
          0,
          -0.86788249015808105,
          0.49626350402832031,
          0.022413773462176323,
          0,
          -0.2697083055973053,
          0.18067999184131622,
          0.043517082929611206,
          1
        ]
      },
      {
        "date" : 712447808.69678903,
        "title" : "Untitled",
        "transform" : [
          -0.24397309124469757,
          3.2673797001336879e-10,
          0.96978199481964111,
          0,
          0.40192171931266785,
          0.91007411479949951,
          0.10111353546380997,
          0,
          -0.88257348537445068,
          0.4144454300403595,
          -0.22203357517719269,
          0,
          -0.27755418419837952,
          0.15505547821521759,
          -0.069770649075508118,
          1
        ]
      },
      {
        "date" : 712447805.41469896,
        "title" : "Untitled",
        "transform" : [
          -0.24397309124469757,
          3.2673797001336879e-10,
          0.96978199481964111,
          0,
          0.40192171931266785,
          0.91007411479949951,
          0.10111353546380997,
          0,
          -0.88257348537445068,
          0.4144454300403595,
          -0.22203357517719269,
          0,
          -0.17197518050670624,
          0.096073836088180542,
          -0.043230552226305008,
          1
        ]
      },
      {
        "date" : 712447803.713588,
        "title" : "Untitled",
        "transform" : [
          -0.24397309124469757,
          3.2673797001336879e-10,
          0.96978199481964111,
          0,
          0.40192171931266785,
          0.91007411479949951,
          0.10111353546380997,
          0,
          -0.88257348537445068,
          0.4144454300403595,
          -0.22203357517719269,
          0,
          -0.26396805047988892,
          0.14746560156345367,
          -0.066355414688587189,
          1
        ]
      },
      {
        "date" : 712447794.16426694,
        "title" : "Untitled",
        "transform" : [
          -0.24397309124469757,
          3.2673797001336879e-10,
          0.96978199481964111,
          0,
          0.40192171931266785,
          0.91007411479949951,
          0.10111353546380997,
          0,
          -0.88257348537445068,
          0.4144454300403595,
          -0.22203357517719269,
          0,
          -0.15134356915950775,
          0.084547996520996094,
          -0.038044244050979614,
          1
        ]
      },
      {
        "date" : 712447787.83150995,
        "title" : "Untitled",
        "transform" : [
          -0.24397309124469757,
          3.2673797001336879e-10,
          0.96978199481964111,
          0,
          0.40192171931266785,
          0.91007411479949951,
          0.10111353546380997,
          0,
          -0.88257348537445068,
          0.4144454300403595,
          -0.22203357517719269,
          0,
          -0.056278146803379059,
          0.031439755111932755,
          -0.014147015288472176,
          1
        ]
      },
      {
        "date" : 712447785.96348906,
        "title" : "Untitled",
        "transform" : [
          -0.24397309124469757,
          3.2673797001336879e-10,
          0.96978199481964111,
          0,
          0.40192171931266785,
          0.91007411479949951,
          0.10111353546380997,
          0,
          -0.88257348537445068,
          0.4144454300403595,
          -0.22203357517719269,
          0,
          -0.12576122581958771,
          0.070256434381008148,
          -0.031613443046808243,
          1
        ]
      },
      {
        "date" : 712447754.06311202,
        "title" : "Untitled",
        "transform" : [
          -0.24397309124469757,
          3.2673797001336879e-10,
          0.96978199481964111,
          0,
          0.40192171931266785,
          0.91007411479949951,
          0.10111353546380997,
          0,
          -0.88257348537445068,
          0.4144454300403595,
          -0.22203357517719269,
          0,
          -0.31459203362464905,
          0.17574664950370789,
          -0.079081103205680847,
          1
        ]
      },
      {
        "date" : 712447641.46188104,
        "title" : "Untitled",
        "transform" : [
          -0.24397309124469757,
          3.2673797001336879e-10,
          0.96978199481964111,
          0,
          0.40192171931266785,
          0.91007411479949951,
          0.10111353546380997,
          0,
          -0.88257348537445068,
          0.4144454300403595,
          -0.22203357517719269,
          0,
          -0.1252778023481369,
          0.06998637318611145,
          -0.031491916626691818,
          1
        ]
      },
      {
        "date" : 712447640.28015101,
        "title" : "Untitled",
        "transform" : [
          -0.24397309124469757,
          3.2673797001336879e-10,
          0.96978199481964111,
          0,
          0.40192171931266785,
          0.91007411479949951,
          0.10111353546380997,
          0,
          -0.88257348537445068,
          0.4144454300403595,
          -0.22203357517719269,
          0,
          -0.11824237555265427,
          0.066056035459041595,
          -0.029723372310400009,
          1
        ]
      }
    ],
    "29A6587C-7F91-44E0-987B-A154F33A04C1" : [
      {
        "date" : 712777840.28246403,
        "title" : "Untitled",
        "transform" : [
          0.95237386226654053,
          -5.347757792151242e-10,
          0.30493295192718506,
          0,
          0.098345860838890076,
          0.94656389951705933,
          -0.30715611577033997,
          0,
          -0.28863850235939026,
          0.32251635193824768,
          0.90148264169692993,
          0,
          -0.34531444311141968,
          1.181513786315918,
          2.0045161247253418,
          1
        ]
      },
      {
        "date" : 712777834.949736,
        "title" : "Untitled",
        "transform" : [
          0.95237386226654053,
          -5.347757792151242e-10,
          0.30493295192718506,
          0,
          0.098345860838890076,
          0.94656389951705933,
          -0.30715611577033997,
          0,
          -0.28863850235939026,
          0.32251635193824768,
          0.90148264169692993,
          0,
          -0.70285487174987793,
          4.055023193359375,
          9.6434164047241211,
          1
        ]
      },
      {
        "date" : 712649118.46917105,
        "title" : "Untitled",
        "transform" : [
          0.99960452318191528,
          1.3974307822017806e-10,
          -0.028121508657932281,
          0,
          -0.0031755419913679361,
          0.99360382556915283,
          -0.11287751793861389,
          0,
          0.027941640466451645,
          0.11292217671871185,
          0.99321085214614868,
          0,
          2.5528714656829834,
          1.954282283782959,
          9.9797964096069336,
          1
        ]
      },
      {
        "date" : 712643517.57592797,
        "title" : "Untitled",
        "transform" : [
          0.99960458278656006,
          2.0053415872300917e-10,
          -0.028121510520577431,
          0,
          -0.0031755417585372925,
          0.99360388517379761,
          -0.11287751048803329,
          0,
          0.027941638603806496,
          0.11292216926813126,
          0.99321091175079346,
          0,
          -0.15515106916427612,
          2.0082542896270752,
          5.8648872375488281,
          1
        ]
      },
      {
        "date" : 712643509.09229004,
        "title" : "Untitled",
        "transform" : [
          0.99960458278656006,
          2.0053415872300917e-10,
          -0.028121510520577431,
          0,
          -0.0031755417585372925,
          0.99360388517379761,
          -0.11287751048803329,
          0,
          0.027941638603806496,
          0.11292216926813126,
          0.99321091175079346,
          0,
          -0.026357736438512802,
          2.5287554264068604,
          10.442996978759766,
          1
        ]
      },
      {
        "date" : 712643463.064399,
        "title" : "Untitled",
        "transform" : [
          1,
          0,
          0,
          0,
          0,
          0.86602544784545898,
          -0.49999994039535522,
          0,
          0,
          0.49999994039535522,
          0.86602544784545898,
          0,
          5.3878402709960938,
          11.522852897644043,
          19.646217346191406,
          1
        ]
      }
    ],
    "221A26CD-0743-49FD-889A-90FFF7066123" : [
      {
        "date" : 711861645.23519099,
        "title" : "Untitled",
        "transform" : [
          1,
          0,
          0,
          0,
          0,
          0.86602532863616943,
          -0.50000011920928955,
          0,
          0,
          0.50000011920928955,
          0.86602532863616943,
          0,
          5.3878402709960938,
          12.85324764251709,
          21.950527191162109,
          1
        ]
      }
    ],
    "1510F6C7-214D-4800-9C6C-F3964D5FC3E3" : [
      {
        "date" : 712777920.77275205,
        "title" : "Untitled",
        "transform" : [
          1,
          0,
          0,
          0,
          0,
          0.86602538824081421,
          -0.5,
          0,
          0,
          0.5,
          0.86602538824081421,
          0,
          0,
          0.19535927474498749,
          0.33837220072746277,
          1
        ]
      }
    ],
    "AF09ED6F-1707-48FD-8720-65B998362C09" : [
      {
        "date" : 712777888.80904996,
        "title" : "Untitled",
        "transform" : [
          0.95400738716125488,
          6.0501790244416043e-09,
          0.29978325963020325,
          0,
          0.089644119143486023,
          0.95424383878707886,
          -0.2852766215801239,
          0,
          -0.28606629371643066,
          0.29902976751327515,
          0.91035556793212891,
          0,
          -0.29487904906272888,
          0.80595284700393677,
          0.73026764392852783,
          1
        ]
      },
      {
        "date" : 712777884.18620098,
        "title" : "Untitled",
        "transform" : [
          0.87192094326019287,
          -4.7361314869931448e-09,
          0.48964667320251465,
          0,
          0.058939438313245773,
          0.99272894859313965,
          -0.1049543097615242,
          0,
          -0.4860863983631134,
          0.12037136405706406,
          0.86558115482330322,
          0,
          -0.41242676973342896,
          0.66937452554702759,
          0.78751230239868164,
          1
        ]
      },
      {
        "date" : 712777849.87068498,
        "title" : "Untitled",
        "transform" : [
          0.99962311983108521,
          -1.4777218337869158e-10,
          0.02745414711534977,
          0,
          0.012333421967923641,
          0.89341253042221069,
          -0.44906783103942871,
          0,
          -0.024527858942747116,
          0.44923710823059082,
          0.89307588338851929,
          0,
          -0.039770882576704025,
          1.3442379236221313,
          1.1954481601715088,
          1
        ]
      },
      {
        "date" : 712777847.41827095,
        "title" : "Untitled",
        "transform" : [
          0.99962311983108521,
          -1.4777218337869158e-10,
          0.02745414711534977,
          0,
          0.012333421967923641,
          0.89341253042221069,
          -0.44906783103942871,
          0,
          -0.024527858942747116,
          0.44923710823059082,
          0.89307588338851929,
          0,
          -0.06234431266784668,
          1.7576785087585449,
          2.0173625946044922,
          1
        ]
      },
      {
        "date" : 712647764.52058101,
        "title" : "Untitled",
        "transform" : [
          0.99962311983108521,
          -1.4777218337869158e-10,
          0.02745414711534977,
          0,
          0.012333421967923641,
          0.89341253042221069,
          -0.44906783103942871,
          0,
          -0.024527858942747116,
          0.44923710823059082,
          0.89307588338851929,
          0,
          -0.065804064273834229,
          1.1792969703674316,
          2.3082065582275391,
          1
        ]
      },
      {
        "date" : 712647347.77120101,
        "title" : "Untitled",
        "transform" : [
          0.99962311983108521,
          -1.4777218337869158e-10,
          0.02745414711534977,
          0,
          0.01233342383056879,
          0.89341264963150024,
          -0.44906789064407349,
          0,
          -0.024527858942747116,
          0.44923710823059082,
          0.89307588338851929,
          0,
          -0.057903721928596497,
          1.1868686676025391,
          2.3046152591705322,
          1
        ]
      },
      {
        "date" : 712647343.58730805,
        "title" : "Untitled",
        "transform" : [
          0.99779784679412842,
          -7.2015926555479837e-10,
          -0.066328592598438263,
          0,
          -0.039303600788116455,
          0.80552715063095093,
          -0.59125405550003052,
          0,
          0.053429476916790009,
          0.59255886077880859,
          0.80375319719314575,
          0,
          0.14293791353702545,
          1.5563009977340698,
          2.0689990520477295,
          1
        ]
      },
      {
        "date" : 712646960.19399595,
        "title" : "Untitled",
        "transform" : [
          0.99887287616729736,
          -7.9010360753972719e-11,
          -0.047465745359659195,
          0,
          -0.032785244286060333,
          0.72312831878662109,
          -0.68993526697158813,
          0,
          0.03432382270693779,
          0.69071370363235474,
          0.72231322526931763,
          0,
          0.094705462455749512,
          1.7836587429046631,
          1.8794523477554321,
          1
        ]
      },
      {
        "date" : 712646955.53330302,
        "title" : "Untitled",
        "transform" : [
          0.99722492694854736,
          1.8773529518512078e-05,
          -0.074448846280574799,
          0,
          0.046345651149749756,
          -0.78276300430297852,
          0.62059175968170166,
          0,
          -0.058264154940843582,
          -0.62231993675231934,
          -0.78059166669845581,
          0,
          -0.83584326505661011,
          -0.47495186328887939,
          -1.8231174945831299,
          1
        ]
      },
      {
        "date" : 712646942.76017702,
        "title" : "Untitled",
        "transform" : [
          -0.20109850168228149,
          -0.020514076575636864,
          0.97935622930526733,
          0,
          -0.83880990743637085,
          -0.51275384426116943,
          -0.18297946453094482,
          0,
          0.50592231750488281,
          -0.85829055309295654,
          0.085906609892845154,
          0,
          -0.98806744813919067,
          0.68372654914855957,
          -0.14165173470973969,
          1
        ]
      }
    ],
    "B6521AAE-905F-4405-9354-A15578006B63" : [
      {
        "date" : 712534297.77901995,
        "title" : "Untitled",
        "transform" : [
          0.99837291240692139,
          3.2155056395311021e-09,
          0.057023607194423676,
          0,
          0.0030004230793565512,
          0.99861466884613037,
          -0.052531629800796509,
          0,
          -0.056944698095321655,
          0.052617374807596207,
          0.99698978662490845,
          0,
          0.060136917978525162,
          0.71408289670944214,
          1.4143426418304443,
          1
        ]
      },
      {
        "date" : 712534288.24610102,
        "title" : "Untitled",
        "transform" : [
          -0.059673797339200974,
          3.9611394164751346e-09,
          0.99821799993515015,
          0,
          -0.25590911507606506,
          0.96657973527908325,
          -0.015298333019018173,
          0,
          -0.96485728025436401,
          -0.25636592507362366,
          -0.057679571211338043,
          0,
          -1.5653949975967407,
          0.24736921489238739,
          0.047361321747303009,
          1
        ]
      },
      {
        "date" : 712534180.16548705,
        "title" : "Untitled",
        "transform" : [
          0.99746966361999512,
          3.9847094512879266e-09,
          0.071094602346420288,
          0,
          -0.018560968339443207,
          0.96531867980957031,
          0.26041355729103088,
          0,
          -0.068629033863544464,
          -0.26107415556907654,
          0.9628760814666748,
          0,
          0.029357701539993286,
          0.23976363241672516,
          1.5670187473297119,
          1
        ]
      },
      {
        "date" : 712534171.18415904,
        "title" : "Untitled",
        "transform" : [
          0.79266780614852905,
          3.6619203225285446e-09,
          0.6096537709236145,
          0,
          0.034457631409168243,
          0.9984014630317688,
          -0.044801592826843262,
          0,
          -0.60867929458618164,
          0.05652005597949028,
          0.79140067100524902,
          0,
          -1.1966787576675415,
          0.76956081390380859,
          1.9668922424316406,
          1
        ]
      },
      {
        "date" : 712469545.96040905,
        "title" : "Untitled",
        "transform" : [
          0.79266780614852905,
          3.6619203225285446e-09,
          0.6096537709236145,
          0,
          0.034457631409168243,
          0.9984014630317688,
          -0.044801592826843262,
          0,
          -0.60867929458618164,
          0.05652005597949028,
          0.79140067100524902,
          0,
          -1.505219578742981,
          0.48441788554191589,
          1.7499526739120483,
          1
        ]
      },
      {
        "date" : 712469030.85669303,
        "title" : "Untitled",
        "transform" : [
          0.98128801584243774,
          4.1650283222338658e-09,
          0.19254566729068756,
          0,
          -0.0010862995404750109,
          0.99998408555984497,
          0.0055361706763505936,
          0,
          -0.1925426721572876,
          -0.0056416885927319527,
          0.98127239942550659,
          0,
          -0.5726282000541687,
          0.3402341902256012,
          2.2625248432159424,
          1
        ]
      },
      {
        "date" : 712469012.98131895,
        "title" : "Untitled",
        "transform" : [
          0.047676842659711838,
          4.3980357133932557e-09,
          0.99886280298233032,
          0,
          0.029726844280958176,
          0.9995570182800293,
          -0.0014189024223014712,
          0,
          -0.99842029809951782,
          0.02976074256002903,
          0.047655638307332993,
          0,
          -1.5217987298965454,
          0.27711036801338196,
          -0.010274510830640793,
          1
        ]
      },
      {
        "date" : 712468972.95248199,
        "title" : "Untitled",
        "transform" : [
          0.95588088035583496,
          4.3944838878928749e-09,
          0.29375451803207397,
          0,
          0.012312798760831356,
          0.99912118911743164,
          -0.040066022425889969,
          0,
          -0.29349642992019653,
          0.041915338486433029,
          0.95504081249237061,
          0,
          -0.52452355623245239,
          0.29557126760482788,
          1.4248789548873901,
          1
        ]
      },
      {
        "date" : 712468940.03918803,
        "title" : "Untitled",
        "transform" : [
          0.043753441423177719,
          3.881355237211892e-09,
          0.9990423321723938,
          0,
          -0.044256497174501419,
          0.99901825189590454,
          0.001938224071636796,
          0,
          -0.99806159734725952,
          -0.044298872351646423,
          0.043710444122552872,
          0,
          -1.5380727052688599,
          0.16388519108295441,
          -0.015536261722445488,
          1
        ]
      },
      {
        "date" : 712468917.53181601,
        "title" : "Untitled",
        "transform" : [
          0.92562496662139893,
          3.8830378912280139e-09,
          0.37844237685203552,
          0,
          -0.018754910677671432,
          0.99877125024795532,
          0.045872263610363007,
          0,
          -0.37797734141349792,
          -0.049558110535144806,
          0.92448747158050537,
          0,
          -0.65823346376419067,
          0.15579627454280853,
          1.3911231756210327,
          1
        ]
      }
    ],
    "D560BB77-AAF3-4BDE-B7C4-989332A4688B" : [
      {
        "date" : 712467747.90137601,
        "title" : "Untitled",
        "transform" : [
          0.97798305749893188,
          2.14119655339573e-09,
          0.20868444442749023,
          0,
          -0.0052336868830025196,
          0.99968546628952026,
          0.024527253583073616,
          0,
          -0.20861878991127014,
          -0.025079410523176193,
          0.97767549753189087,
          0,
          -0.1234920546412468,
          0.40979528427124023,
          1.8674024343490601,
          1
        ]
      },
      {
        "date" : 712467732.87043595,
        "title" : "Untitled",
        "transform" : [
          0.97798305749893188,
          2.14119655339573e-09,
          0.20868444442749023,
          0,
          -0.0052336868830025196,
          0.99968546628952026,
          0.024527253583073616,
          0,
          -0.20861878991127014,
          -0.025079410523176193,
          0.97767549753189087,
          0,
          -0.11353813856840134,
          0.23615922033786774,
          1.0761575698852539,
          1
        ]
      },
      {
        "date" : 712467683.90276897,
        "title" : "Untitled",
        "transform" : [
          0.99333161115646362,
          -3.1058650096227325e-10,
          0.11529216915369034,
          0,
          -0.010817625559866428,
          0.99558842182159424,
          0.093202255666255951,
          0,
          -0.11478353291749954,
          -0.093827925622463226,
          0.9889494776725769,
          0,
          -0.013324066996574402,
          0.16296400129795074,
          1.0862778425216675,
          1
        ]
      },
      {
        "date" : 712467677.73543894,
        "title" : "Untitled",
        "transform" : [
          0.69895529747009277,
          9.5967678248598531e-11,
          0.71516537666320801,
          0,
          0.010901066474616528,
          0.99988383054733276,
          -0.010653980076313019,
          0,
          -0.71508228778839111,
          0.015242724679410458,
          0.69887411594390869,
          0,
          -0.69956845045089722,
          0.27851060032844543,
          0.88148677349090576,
          1
        ]
      },
      {
        "date" : 712467658.11128998,
        "title" : "Untitled",
        "transform" : [
          0.69895529747009277,
          9.5967678248598531e-11,
          0.71516537666320801,
          0,
          0.010901066474616528,
          0.99988383054733276,
          -0.010653980076313019,
          0,
          -0.71508228778839111,
          0.015242724679410458,
          0.69887411594390869,
          0,
          -0.40416800975799561,
          0.14129166305065155,
          0.44718849658966064,
          1
        ]
      },
      {
        "date" : 712467654.435449,
        "title" : "Untitled",
        "transform" : [
          0.69895529747009277,
          9.5967678248598531e-11,
          0.71516537666320801,
          0,
          0.010901066474616528,
          0.99988383054733276,
          -0.010653980076313019,
          0,
          -0.71508228778839111,
          0.015242724679410458,
          0.69887411594390869,
          0,
          -0.90071654319763184,
          0.37194761633872986,
          1.1772153377532959,
          1
        ]
      },
      {
        "date" : 712467473.16760695,
        "title" : "Untitled",
        "transform" : [
          0.69895529747009277,
          9.5967678248598531e-11,
          0.71516537666320801,
          0,
          0.010901066474616528,
          0.99988383054733276,
          -0.010653980076313019,
          0,
          -0.71508228778839111,
          0.015242724679410458,
          0.69887411594390869,
          0,
          -0.51894015073776245,
          0.19460542500019073,
          0.61592674255371094,
          1
        ]
      },
      {
        "date" : 712467470.18366098,
        "title" : "Untitled",
        "transform" : [
          0.69895529747009277,
          9.5967678248598531e-11,
          0.71516537666320801,
          0,
          0.010901065543293953,
          0.99988371133804321,
          -0.010653979144990444,
          0,
          -0.71508228778839111,
          0.015242724679410458,
          0.69887411594390869,
          0,
          -0.453550785779953,
          0.16423086822032928,
          0.51979118585586548,
          1
        ]
      },
      {
        "date" : 712467383.18840802,
        "title" : "Untitled",
        "transform" : [
          0.99820679426193237,
          2.567336621073224e-11,
          -0.059860177338123322,
          0,
          0.005926146637648344,
          0.9950873851776123,
          0.098822258412837982,
          0,
          0.059566166251897812,
          -0.098999783396720886,
          0.99330294132232666,
          0,
          0.062161482870578766,
          0.092819042503833771,
          0.62228703498840332,
          1
        ]
      },
      {
        "date" : 712467361.48870897,
        "title" : "Untitled",
        "transform" : [
          0.99230146408081055,
          2.2817370215477695e-10,
          0.12384670972824097,
          0,
          -0.0059385509230196476,
          0.99884963035583496,
          0.047581680119037628,
          0,
          -0.12370418757200241,
          -0.047950819134712219,
          0.99115991592407227,
          0,
          -0.053780551999807358,
          0.1249798908829689,
          0.63592195510864258,
          1
        ]
      }
    ],
    "D66134B1-3681-4A8E-AFE5-29F257229F3B" : [
      {
        "date" : 712777910.29597402,
        "title" : "Untitled",
        "transform" : [
          1,
          0,
          0,
          0,
          0,
          0.86602538824081421,
          -0.5,
          0,
          0,
          0.5,
          0.86602538824081421,
          0,
          0,
          0.1956997811794281,
          0.33916199207305908,
          1
        ]
      }
    ],
    "EE184615-4895-41CF-84CA-7B3C45E46D14" : [
      {
        "date" : 711861608.92878497,
        "title" : "Untitled",
        "transform" : [
          1,
          0,
          0,
          0,
          0,
          0.86602532863616943,
          -0.50000011920928955,
          0,
          0,
          0.50000011920928955,
          0.86602532863616943,
          0,
          5.3878402709960938,
          12.85324764251709,
          21.950527191162109,
          1
        ]
      }
    ]
  },
  "selectedSceneRelativePath" : "_PlainMaterial.usda"
}